structure(list(SCR2 = structure(list(summary = structure(c(0.779767669821743, 
0.778137801654702, 0.0392052479562697, 0.706310067144817, 0.86892540039102, 
18000, 48.1195709706931, 0.0122208279026168, 1.6475749996981, 
1.63796080012516, 0.254340286794635, 1.21901830077567, 2.20772330746183, 
18000, 51.311010734948, 0.0130313512579534, 1.5001111802211, 
1.48778945997162, 0.213526965655686, 1.10300892889578, 1.98798878078608, 
18000, 31.9380559119192, 0.00811124199510075, 8.68209290015464, 
8.78889239743751, 1.3090499356038, 6.08845373066451, 11.0706854520005, 
18000, 42.7806978871538, 0.0108649253492132, 1.61362986405726, 
1.59065590262649, 0.265828026254559, 1.16191486166315, 2.20864357732909, 
18000, 54.4226726512072, 0.0138216135982576, 1.80499903111711, 
1.79946619304024, 0.12127440696932, 1.58465178402842, 2.05339125145849, 
18000, 1218.13907052414, 0.309368259982943, 0.177940786271832, 
0.167454112339621, 0.0511270280257927, 0.110770530911342, 0.306242550943751, 
18000, 39.9770009727611, 0.0101528762433981, 3.0052530059517, 
2.99161474682026, 0.375132755160534, 2.24901525643943, 3.7673084682333, 
18000, 262.003712235131, 0.0665405408336321, 5.89538241788478, 
5.79083350392638, 1.03962168258843, 4.15174647125992, 8.19061184760592, 
18000, 418.061027110551, 0.106174094283195, 0.747966984950844, 
0.749221844261463, 0.0346048065675684, 0.676515017013421, 0.813714020982774, 
18000, 3950.99073089209, 1.00342494317902, 0.906502178504176, 
0.911269617641522, 0.0427076544303817, 0.812035175051677, 0.978393453335787, 
18000, 2308.41806537603, 0.586264161029898), .Dim = c(1L, 8L, 
11L), .Dimnames = list("SCR2", c("mean", "median", "sd", "CI95_low", 
"CI95_upp", "n", "ess", "efficiency"), c("kappa[1]", "kappa[2]", 
"sigma[1]", "sigma[2]", "lambda0", "beta[1]", "beta[2]", "dmean[1]", 
"dmean[2]", "Phi[1]", "Phi[2]"))), timing = structure(c(3937.505, 
56.591), .Names = c("SCR2", "nimble_compile")), efficiency = structure(list(
    min = structure(0.00811124199510075, .Names = "SCR2"), mean = structure(0.194543166877748, .Names = "SCR2")), .Names = c("min", 
"mean"))), .Names = c("summary", "timing", "efficiency")), dth = structure(list(
    summary = structure(c(0.779853636177624, 0.7749349894012, 
    0.0479149727391172, 0.702294151931067, 0.891424270661363, 
    18000, 28.2478078328421, 0.00993218091151869, 1.69963864540681, 
    1.65800238284076, 0.311901311311384, 1.23587229992769, 2.45235947061987, 
    18000, 35.6152743637306, 0.0125226477851735, 1.49819507104172, 
    1.46621988890184, 0.267032653568748, 1.09454638475147, 2.14484588018695, 
    18000, 22.6543553715933, 0.00796547319055666, 8.86844015332192, 
    8.85874768427695, 1.42735260130427, 6.25984064200317, 11.6365593549754, 
    18000, 37.4424763050342, 0.0131651082674275, 1.64138484667145, 
    1.62957539572406, 0.313243686508388, 1.06085256667445, 2.26027428008002, 
    18000, 46.7649200818235, 0.0164429625588632, 1.7996117572819, 
    1.79525756560337, 0.123303690947975, 1.56874521530482, 2.05240441285577, 
    18000, 1366.04273279331, 0.480312795784248, 0.174296548862178, 
    0.157866215630623, 0.0594338297032971, 0.103516403884523, 
    0.330165702501032, 18000, 28.1189152171904, 0.00988686111947018, 
    3.09066001380657, 3.06792524889558, 0.361343089299147, 2.43616755419796, 
    3.84331464163781, 18000, 181.366207666149, 0.0637699745210643, 
    5.97398645638032, 5.88596939275161, 1.0873539804493, 4.0629829881986, 
    8.37281300276034, 18000, 166.972065486889, 0.0587088658843681, 
    0.748556324951811, 0.749300830266052, 0.0353560029425903, 
    0.675761367851385, 0.81385307900232, 18000, 3884.82412482915, 
    1.3659387746321, 0.906618435461577, 0.911053343402405, 0.0429590600031523, 
    0.809299491411727, 0.977419828409884, 18000, 1797.17976944441, 
    0.631904419141873), .Dim = c(1L, 8L, 11L), .Dimnames = list(
        "dth", c("mean", "median", "sd", "CI95_low", "CI95_upp", 
        "n", "ess", "efficiency"), c("kappa[1]", "kappa[2]", 
        "sigma[1]", "sigma[2]", "lambda0", "beta[1]", "beta[2]", 
        "dmean[1]", "dmean[2]", "Phi[1]", "Phi[2]"))), timing = structure(c(2844.069, 
    51.7209999999995), .Names = c("dth", "nimble_compile")), 
    efficiency = structure(list(min = structure(0.00796547319055666, .Names = "dth"), 
        mean = structure(0.24277727852697, .Names = "dth")), .Names = c("min", 
    "mean"))), .Names = c("summary", "timing", "efficiency")), 
    skb = structure(list(summary = structure(c(0.791173806961227, 
    0.788175042226641, 0.0490452336793073, 0.700316379275444, 
    0.893347665177293, 18000, 23.8985014745711, 0.0104636114834483, 
    1.70832120258913, 1.68550856774506, 0.281754982882176, 1.23718396231232, 
    2.35451078808569, 18000, 104.960224393967, 0.0459553085553345, 
    1.56775954014304, 1.53389486069851, 0.268715228609139, 1.08134911498746, 
    2.12847221978143, 18000, 22.3523813575608, 0.00978666526452521, 
    8.98557738058276, 9.00236424197391, 1.37098428894946, 6.32996333076175, 
    11.5631762280298, 18000, 91.2841000779449, 0.0399674163188917, 
    1.5389586623223, 1.50871603898337, 0.306242864016191, 1.04309910998688, 
    2.32752028389087, 18000, 33.6658725796749, 0.014740112943894, 
    1.82211756210593, 1.82036061511737, 0.125604230092949, 1.58346983955306, 
    2.08033296893146, 18000, 153.145748852043, 0.0670526400173921, 
    0.178636847912342, 0.172702327583249, 0.0498504924492725, 
    0.107353280624054, 0.287816584511991, 18000, 66.4558170525275, 
    0.0290967134986545, 3.02908818305491, 3.00920492440595, 0.363828598281071, 
    2.38255545662691, 3.79766744341291, 18000, 254.416141288258, 
    0.111392409285202, 5.83265290961254, 5.77214899886927, 1.00250142291173, 
    4.0738342752315, 7.95032131253199, 18000, 464.504594341422, 
    0.203376584621301, 0.748917959211609, 0.750904416239521, 
    0.0354203559847152, 0.674070092873846, 0.814798774482082, 
    18000, 3699.59017563554, 1.61981178137979, 0.90529749016405, 
    0.909629204530651, 0.0438963061170322, 0.807883753729195, 
    0.977032195888337, 18000, 2096.67962421343, 0.918000696251833
    ), .Dim = c(1L, 8L, 11L), .Dimnames = list("skb", c("mean", 
    "median", "sd", "CI95_low", "CI95_upp", "n", "ess", "efficiency"
    ), c("kappa[1]", "kappa[2]", "sigma[1]", "sigma[2]", "lambda0", 
    "beta[1]", "beta[2]", "dmean[1]", "dmean[2]", "Phi[1]", "Phi[2]"
    ))), timing = structure(c(2283.963, 53.8360000000002), .Names = c("skb", 
    "nimble_compile")), efficiency = structure(list(min = structure(0.00978666526452521, .Names = "skb"), 
        mean = structure(0.279058539965479, .Names = "skb")), .Names = c("min", 
    "mean"))), .Names = c("summary", "timing", "efficiency")),