structure(list(nimble = structure(list(summary = structure(c(26.5843605848232, 
27.6695428282374, 14.1017943600681, 2.81016401872812, 48.722209387435, 
3000, 331.739309884627, 18.0371525600602, 20.8444712051424, 18.4014800490021, 
14.3237391725578, 2.28174964573064, 48.2993328195549, 3000, 62.4186748485076, 
3.39379484822247, 8.41923166642306, 8.01110478163112, 2.01870985312065, 
5.33726847991639, 13.2363109161996, 3000, 56.744729744822, 3.08529413575588, 
11.7749352610535, 11.3744074525705, 2.39395979734564, 8.11429556791443, 
17.1181482117579, 3000, 25.2694809284897, 1.37393871946986, 0.354619544820915, 
0.275847803943156, 0.277369306425611, 0.0971780962104029, 1.17569930829273, 
3000, 24.947987740032, 1.35645866355111, 2.64403547624793, 2.3694729351544, 
1.34026747191696, 0.907764822376126, 6.14202131967699, 3000, 
146.219552993479, 7.95017143287731, 0.936782905789064, 0.732371763810269, 
0.687956746109251, 0.114897376986338, 2.75729433647736, 3000, 
62.2781423741728, 3.38615389159269, 57.3573332912136, 61.7032724832785, 
28.7330111777604, 3.72872131784337, 98.0420958168496, 3000, 92.6679777866266, 
5.03849379005147, 12.0815314443862, 8.53153404164079, 10.9605357230387, 
0.784635153724635, 43.5374434268108, 3000, 121.381581658094, 
6.59969452251492, 0.454314966901146, 0.438499863033707, 0.262056525127219, 
0.0479611793268697, 0.961989393532094, 3000, 220.940031097265, 
12.0128333567456, 0.798920437593178, 0.837349397553776, 0.155308450602032, 
0.403411012591473, 0.993760313112123, 3000, 450.286206315521, 
24.4827210915355, 0.454314966901146, 0.438499863033707, 0.262056525127219, 
0.0479611793268697, 0.961989393532094, 3000, 220.940031097265, 
12.0128333567456, 0.798920437593178, 0.837349397553776, 0.155308450602032, 
0.403411012591473, 0.993760313112123, 3000, 450.286206315521, 
24.4827210915355, 0.479500972631791, 0.4710885539533, 0.257782619931405, 
0.0624590081922948, 0.965236502467492, 3000, 221.98639471543, 
12.0697256804823, 0.813310577944181, 0.850374985086219, 0.146319457230008, 
0.436546479425994, 0.994301345503141, 3000, 450.832550764234, 
24.5124266400736, 0.381868814357848, 0.341195776144182, 0.269325520594622, 
0.0190292445792539, 0.950710293608929, 3000, 218.815960822137, 
11.8973445423084, 0.752121465200458, 0.793311112190321, 0.182392507414092, 
0.306025949110007, 0.991869017042887, 3000, 449.063709845109, 
24.416252166437), .Dim = c(1L, 8L, 17L), .Dimnames = list("nimble", 
    c("mean", "median", "sd", "CI95_low", "CI95_upp", "n", "ess", 
    "efficiency"), c("kappa[1]", "kappa[2]", "sigma[1]", "sigma[2]", 
    "lambda0", "beta[1]", "beta[2]", "dmean[1]", "dmean[2]", 
    "phi[1, 1]", "phi[2, 1]", "phi[1, 2]", "phi[2, 2]", "phi[1, 3]", 
    "phi[2, 3]", "Phi[1]", "Phi[2]"))), timing = structure(c(18.392, 
56.278), .Names = c("nimble", "nimble_compile")), efficiency = structure(list(
    min = structure(1.35645866355111, .Names = "nimble"), mean = structure(11.5357653229388, .Names = "nimble")), .Names = c("min", 
"mean"))), .Names = c("summary", "timing", "efficiency")), SCR1 = structure(list(
    summary = structure(c(27.4565403327223, 27.4371178779895, 
    13.4084110374148, 3.93865792933085, 49.1342823659176, 3000, 
    455.552072443409, 30.3478830486582, 16.2614747728593, 11.1041250446127, 
    13.6803388446468, 1.77068621219249, 47.2861672422651, 3000, 
    60.4890612688375, 4.02964900864949, 8.34036293483969, 7.87205147724584, 
    1.86850355633421, 5.69017496048166, 13.172902376249, 3000, 
    67.810459673125, 4.51738456286223, 11.4067898122426, 10.7856561662712, 
    3.06495767398829, 6.27472251357713, 17.6788158919835, 3000, 
    15.1811940704092, 1.01133795685892, 0.32393632327864, 0.284820360020995, 
    0.177109949806876, 0.100412615383043, 0.780381018895378, 
    3000, 84.5696704118762, 5.63384653999574, 2.79907563653759, 
    2.46143392799949, 1.4640575709136, 0.922695084727737, 6.7765555415019, 
    3000, 177.070899703879, 11.7960761910518, 1.12047555631169, 
    0.783152100441564, 1.23271112691669, 0.225730852279873, 5.37594807330463, 
    3000, 21.7374355802284, 1.44810043169865, 49.4761372303453, 
    48.0635304498246, 29.2999115118453, 2.50900261447193, 98.2990062076761, 
    3000, 90.6466252982518, 6.03867998789232, 13.1629237518501, 
    9.87312116115516, 11.3288820051221, 2.35283222349575, 44.1050189728894, 
    3000, 229.093454326814, 15.261705038093, 0.40056345218014, 
    0.360793146706152, 0.256556744520239, 0.021738622486805, 
    0.906304363968692, 3000, 252.267798980048, 16.805529210582, 
    0.818057845517659, 0.852857597969703, 0.145525290289552, 
    0.458910715527909, 0.989426733183538, 3000, 461.940032016825, 
    30.7734349488258, 0.40056345218014, 0.360793146706152, 0.256556744520239, 
    0.021738622486805, 0.906304363968692, 3000, 252.267798980048, 
    16.805529210582, 0.818057845517659, 0.852857597969703, 0.145525290289552, 
    0.458910715527909, 0.989426733183538, 3000, 461.940032016825, 
    30.7734349488258, 0.425937957643263, 0.394237145403923, 0.254871111408969, 
    0.0303263777695482, 0.914090863462287, 3000, 251.481678885823, 
    16.7531596086752, 0.83132074284578, 0.864743407938539, 0.136636825316312, 
    0.491069699666769, 0.990341692444423, 3000, 464.346256669805, 
    30.9337323742458, 0.32876823961093, 0.264551902721723, 0.255914402816939, 
    0.00677910250550192, 0.879570254437609, 3000, 255.634202620372, 
    17.0297916608068, 0.774668844878173, 0.812529135689841, 0.172788165115934, 
    0.362056135173212, 0.986231027804509, 3000, 454.420493073594, 
    30.2724997051225), .Dim = c(1L, 8L, 17L), .Dimnames = list(
        "SCR1", c("mean", "median", "sd", "CI95_low", "CI95_upp", 
        "n", "ess", "efficiency"), c("kappa[1]", "kappa[2]", 
        "sigma[1]", "sigma[2]", "lambda0", "beta[1]", "beta[2]", 
        "dmean[1]", "dmean[2]", "phi[1, 1]", "phi[2, 1]", "phi[1, 2]", 
        "phi[2, 2]", "phi[1, 3]", "phi[2, 3]", "Phi[1]", "Phi[2]"
        ))), timing = structure(c(15.011, 37.303), .Names = c("SCR1", 
    "nimble_compile")), efficiency = structure(list(min = structure(1.01133795685892, .Names = "SCR1"), 
        mean = structure(15.895986731378, .Names = "SCR1")), .Names = c("min", 
    "mean"))), .Names = c("summary", "timing", "efficiency")),