structure(list(nimble = structure(list(summary = structure(c(27.5070056533158, 
27.8398191403429, 13.5725038888331, 4.5869497395086, 48.5073825766703, 
1000, 140.504503505787, 29.7994705208447, 15.8432339231958, 10.7551017592008, 
13.6035725322157, 2.35849817994134, 46.1510171829015, 1000, 24.8964013873753, 
5.28025480113989, 8.83922759812374, 8.17275709912523, 2.371994799839, 
5.86937570863393, 15.1898169096552, 1000, 13.7088099276115, 2.90748884997054, 
10.3667072078674, 10.1507574764546, 1.42642778535168, 8.04809759882419, 
13.6502239801794, 1000, 24.9308949498634, 5.28757050898466, 0.333284101306928, 
0.261318295727747, 0.258725307188586, 0.0982165661993452, 1.06157789811797, 
1000, 10.0890485385298, 2.13977699650678, 2.59737890376586, 2.37948769047499, 
1.3636374154521, 0.887201803876028, 5.915320332782, 1000, 63.1072880644126, 
13.3843665035866, 1.2102742120846, 1.04910786285533, 0.848328820954556, 
0.141616491349516, 3.11087073749055, 1000, 28.0530503726244, 
5.94974557213649, 54.6490119436983, 61.5364770297576, 31.5878457719881, 
1.83476558917525, 98.0420958168496, 1000, 18.2472249418038, 3.87003710324564, 
13.3391690339003, 8.53153404164079, 12.55352418395, 1.80658306531976, 
49.926043168385, 1000, 39.5074581362204, 8.37910034702422, 0.455669542695458, 
0.422742382512026, 0.263435675337741, 0.0524754660870293, 0.941934539941742, 
1000, 83.6167523194999, 17.7341998556728, 0.791163626362079, 
0.833289861867492, 0.16831309305344, 0.378468823911987, 0.99403601079964, 
1000, 131.110537362844, 27.8071129083436, 0.455669542695458, 
0.422742382512026, 0.263435675337741, 0.0524754660870293, 0.941934539941742, 
1000, 83.6167523194999, 17.7341998556728, 0.791163626362079, 
0.833289861867492, 0.16831309305344, 0.378468823911987, 0.99403601079964, 
1000, 131.110537362844, 27.8071129083436, 0.480718042509865, 
0.455607549270016, 0.259328343975954, 0.0678043073877921, 0.946846961908822, 
1000, 84.1195333455471, 17.8408342196277, 0.805815491738957, 
0.846609769935229, 0.158872993963483, 0.411834897492817, 0.994553203486976, 
1000, 131.749427727739, 27.9426145764018, 0.383576893138244, 
0.325291645338342, 0.270051158046638, 0.021399963585423, 0.924940903797172, 
1000, 82.9545185697154, 17.5937473106496, 0.743810054782272, 
0.78829932069294, 0.19654995668942, 0.28158174249269, 0.992227953482818, 
1000, 129.361016993007, 27.4360587471905), .Dim = c(1L, 8L, 17L
), .Dimnames = list("nimble", c("mean", "median", "sd", "CI95_low", 
"CI95_upp", "n", "ess", "efficiency"), c("kappa[1]", "kappa[2]", 
"sigma[1]", "sigma[2]", "lambda0", "beta[1]", "beta[2]", "dmean[1]", 
"dmean[2]", "phi[1, 1]", "phi[2, 1]", "phi[1, 2]", "phi[2, 2]", 
"phi[1, 3]", "phi[2, 3]", "Phi[1]", "Phi[2]"))), timing = structure(c(4.71500000000015, 
31.9030000000002), .Names = c("nimble", "nimble_compile")), efficiency = structure(list(
    min = structure(2.13977699650678, .Names = "nimble"), mean = structure(15.2290406814907, .Names = "nimble")), .Names = c("min", 
"mean"))), .Names = c("summary", "timing", "efficiency")), SCR1 = structure(list(
    summary = structure(c(27.9035364864421, 27.7127276423105, 
    12.9992571832246, 4.62907532581567, 48.366290797393, 1000, 
    173.927747092802, 82.4692968671981, 12.4412071997401, 5.63322474626285, 
    12.6132474098275, 2.30305503695213, 45.4216686656374, 1000, 
    12.4846179578829, 5.91968608719364, 9.21739026050909, 8.02682451256237, 
    3.45442718109171, 5.93414464312525, 18.1821555762516, 1000, 
    8.98013388666197, 4.25800563616316, 11.4851964371515, 10.8826894233686, 
    2.51427435610455, 7.60719773988743, 18.1436122654657, 1000, 
    9.75617159034167, 4.62597040794136, 0.293667755413973, 0.248154333281254, 
    0.218705363617356, 0.0706817223729947, 0.85812637954661, 
    1000, 21.5244130021717, 10.2059805605436, 2.58606066243516, 
    2.193857137586, 1.4248050910024, 0.978238865473824, 6.69581610453164, 
    1000, 56.9809231791023, 27.0179815927649, 1.80884417491459, 
    0.896282613575809, 2.03130317215312, 0.300475130535872, 7.32740696357765, 
    1000, 4.24606736324718, 2.01330837517785, 37.1677595100984, 
    25.7458534272575, 34.851773799704, 1.312201372524, 96.2388005931798, 
    1000, 4.94646274835188, 2.34540670856105, 11.9557709046442, 
    8.27427607050249, 11.7807054618599, 0.500496942442084, 42.4935838091318, 
    1000, 60.300872514691, 28.5921633545435, 0.366366531336159, 
    0.322353537687781, 0.25129885041423, 0.0169455217176485, 
    0.903233950297016, 1000, 68.4656305140196, 32.4635516899319, 
    0.81701353168185, 0.851160165566442, 0.149386861789352, 0.460930179493803, 
    0.996564712737356, 1000, 156.486939920234, 74.1995921860318, 
    0.366366531336159, 0.322353537687781, 0.25129885041423, 0.0169455217176485, 
    0.903233950297016, 1000, 68.4656305140196, 32.4635516899319, 
    0.81701353168185, 0.851160165566442, 0.149386861789352, 0.460930179493803, 
    0.996564712737356, 1000, 156.486939920234, 74.1995921860318, 
    0.391604934488932, 0.355701559522873, 0.251068440372678, 
    0.0241573986755963, 0.911262942346119, 1000, 67.5806463163134, 
    32.0439290262492, 0.830275609382182, 0.863171843144926, 0.140424674099386, 
    0.493042388882552, 0.996862964306159, 1000, 156.615174446838, 
    74.2603956600026, 0.295726438683487, 0.228400131341963, 0.247061004243069, 
    0.00489859648601335, 0.875685495784183, 1000, 71.1783483650665, 
    33.7498095614581, 0.773694208680105, 0.810420426398201, 0.176799655235713, 
    0.364135691595775, 0.995521534788543, 1000, 156.300182653128, 
    74.1110396648812), .Dim = c(1L, 8L, 17L), .Dimnames = list(
        "SCR1", c("mean", "median", "sd", "CI95_low", "CI95_upp", 
        "n", "ess", "efficiency"), c("kappa[1]", "kappa[2]", 
        "sigma[1]", "sigma[2]", "lambda0", "beta[1]", "beta[2]", 
        "dmean[1]", "dmean[2]", "phi[1, 1]", "phi[2, 1]", "phi[1, 2]", 
        "phi[2, 2]", "phi[1, 3]", "phi[2, 3]", "Phi[1]", "Phi[2]"
        ))), timing = structure(c(2.10899999999856, 19.753999999999
    ), .Names = c("SCR1", "nimble_compile")), efficiency = structure(list(
        min = structure(2.01330837517785, .Names = "SCR1"), mean = structure(34.9964271326239, .Names = "SCR1")), .Names = c("min", 
    "mean"))), .Names = c("summary", "timing", "efficiency")),