structure(list(nimble = structure(list(summary = structure(c(26.8144534808724, 
27.2959146492619, 13.8944445900177, 2.97216811961416, 49.0258997955205, 
18000, 2087.1195934957, 28.4511517966098, 17.10714777774, 11.7186605944993, 
15.2512626902241, 0.777033768720695, 48.0461306189077, 18000, 
175.745485566016, 2.39572351435448, 8.47139922339427, 7.89575920638252, 
2.31495558872422, 5.46595690961176, 14.5324043892357, 18000, 
239.877754113543, 3.26996038759976, 10.2050214265239, 10.3720045409674, 
3.48145177791792, 1.73039663759808, 17.0742621400556, 18000, 
30.5314430622689, 0.416197866112337, 0.308326040934391, 0.261427534598288, 
0.210749792698005, 0.063429120236451, 0.843139205945872, 18000, 
202.203356594741, 2.75639134920173, 2.7838123014228, 2.46516555654356, 
1.44514603424105, 0.943386018241833, 6.56111645780556, 18000, 
875.581534445119, 11.9357334502729, 1.6921530002314, 1.00253286327203, 
1.8669704770756, 0.194597366532044, 7.90186625464516, 18000, 
59.9071377739705, 0.816640826821484, 54.5363339765989, 56.8687359858888, 
28.7610944402688, 3.16089094849884, 97.7423958405701, 18000, 
383.076499024663, 5.2220139456455, 12.2579296470875, 7.81642265063778, 
13.7174256796676, 0.421159178986066, 55.1616082971657, 18000, 
409.39310019543, 5.58075602109422, 0.441338184749821, 0.415748050661382, 
0.264215323644826, 0.0367439110485458, 0.949700857671745, 18000, 
1387.92781026416, 18.9199243472308, 0.807256750956995, 0.846217021149032, 
0.156121931850342, 0.423950686168592, 0.994921928951744, 18000, 
2571.95946912562, 35.0603815415581, 0.441338184749821, 0.415748050661382, 
0.264215323644826, 0.0367439110485458, 0.949700857671745, 18000, 
1387.92781026416, 18.9199243472308, 0.807256750956995, 0.846217021149032, 
0.156121931850342, 0.423950686168592, 0.994921928951744, 18000, 
2571.95946912562, 35.0603815415581, 0.466401175877286, 0.448719992378004, 
0.260618971739049, 0.048972454302204, 0.953972381191341, 18000, 
1391.65885949036, 18.9707851834887, 0.821073632908354, 0.858593686903825, 
0.146903118678273, 0.456796433072991, 0.995362474785992, 18000, 
2576.65596274214, 35.124403101804, 0.369577631741065, 0.318289292344238, 
0.269454669675309, 0.0134432003428691, 0.934900583604736, 18000, 
1380.37495012365, 18.8169654314955, 0.762302920933631, 0.804286884909959, 
0.184101496755205, 0.326504805186359, 0.993381553471552, 18000, 
2558.16861529678, 34.8723876781916), .Dim = c(1L, 8L, 17L), .Dimnames = list(
    "nimble", c("mean", "median", "sd", "CI95_low", "CI95_upp", 
    "n", "ess", "efficiency"), c("kappa[1]", "kappa[2]", "sigma[1]", 
    "sigma[2]", "lambda0", "beta[1]", "beta[2]", "dmean[1]", 
    "dmean[2]", "phi[1, 1]", "phi[2, 1]", "phi[1, 2]", "phi[2, 2]", 
    "phi[1, 3]", "phi[2, 3]", "Phi[1]", "Phi[2]"))), timing = structure(c(73.358, 
55.842), .Names = c("nimble", "nimble_compile")), efficiency = structure(list(
    min = structure(0.416197866112337, .Names = "nimble"), mean = structure(16.2699836664865, .Names = "nimble")), .Names = c("min", 
"mean"))), .Names = c("summary", "timing", "efficiency")), jags = structure(list(
    summary = structure(c(27.010048721273, 27.4328038181236, 
    13.6554163797397, 3.13992138867463, 48.8945748789322, 18000, 
    6605.60186435232, 12.8252409282111, 15.0574529300265, 8.08197729210359, 
    14.8663044280253, 1.14460528936267, 47.6244192611674, 18000, 
    509.893945316859, 0.989994981655768, 8.71795724827442, 8.05141878683542, 
    2.55588189394823, 5.48175933859957, 15.6558905927189, 18000, 
    505.928552779481, 0.982295892956333, 10.0951006958601, 9.95418570777912, 
    3.11161662962347, 3.92437494526246, 17.0850625349795, 18000, 
    207.240634954796, 0.402372278558647, 0.295136122593951, 0.247950160529804, 
    0.200887007213597, 0.058864544634275, 0.828947821895337, 
    18000, 882.176844629675, 1.71280843229778, 2.68103335852385, 
    2.36718106691318, 1.36585250143183, 0.940579942180463, 6.19305510161975, 
    18000, 2558.88227621315, 4.9682500358475, 1.84702668775002, 
    1.11135886095281, 1.93928164624973, 0.244798442972801, 7.99684633258336, 
    18000, 186.435166606067, 0.361976997450848, 56.6646597013313, 
    59.7626627169021, 27.9830197385197, 3.38794305382126, 98.2991785033014, 
    18000, 1191.06862116611, 2.31254355654166, 12.7170523234571, 
    7.94558095451874, 14.7636228625678, 0.774056596709797, 60.4408208665753, 
    18000, 1102.13804086015, 2.13987857585842, 0.446897128798892, 
    0.419084439606787, 0.268690297645252, 0.0327536489391761, 
    0.958477302481227, 18000, 2227.96044146746, 4.32574200309381, 
    0.806365916344978, 0.846142570316211, 0.158551770081417, 
    0.412906491252614, 0.994056405037533, 18000, 5825.91011803978, 
    11.3114145272951, 0.446897128798892, 0.419084439606787, 0.268690297645252, 
    0.0327536489391761, 0.958477302481227, 18000, 2227.96044146746, 
    4.32574200309381, 0.806365916344978, 0.846142570316211, 0.158551770081417, 
    0.412906491252614, 0.994056405037533, 18000, 5825.91011803978, 
    11.3114145272951, 0.471642676482731, 0.452006708720922, 0.264913645595813, 
    0.0440927862375649, 0.962018475296313, 18000, 2242.51944583144, 
    4.35400933474312, 0.820185589878468, 0.858524715567117, 0.149374150395173, 
    0.445918930254206, 0.99457183398453, 18000, 5815.21191127378, 
    11.2906432059089, 0.375972609257402, 0.321625022475564, 0.274669874986018, 
    0.0115713013542336, 0.946185533816586, 18000, 2146.75225522283, 
    4.16807059399012, 0.761444130095542, 0.804194588184164, 0.186304805833846, 
    0.315454708134253, 0.99225450636088, 18000, 5869.15247310208, 
    11.3953726030869), .Dim = c(1L, 8L, 17L), .Dimnames = list(
        "jags", c("mean", "median", "sd", "CI95_low", "CI95_upp", 
        "n", "ess", "efficiency"), c("kappa[1]", "kappa[2]", 
        "sigma[1]", "sigma[2]", "lambda0", "beta[1]", "beta[2]", 
        "dmean[1]", "dmean[2]", "phi[1, 1]", "phi[2, 1]", "phi[1, 2]", 
        "phi[2, 2]", "phi[1, 3]", "phi[2, 3]", "Phi[1]", "Phi[2]"
        ))), timing = structure(c(515.047, NA), .Names = c("jags", 
    "nimble_compile")), efficiency = structure(list(min = structure(0.361976997450848, .Names = "jags"), 
        mean = structure(5.24575120458147, .Names = "jags")), .Names = c("min", 
    "mean"))), .Names = c("summary", "timing", "efficiency")),