structure(list(SCR2 = structure(list(summary = structure(c(27.6798543699164, 
29.1940806851596, 13.3361966683205, 3.46280159728753, 49.0362100882197, 
3000, 442.278193962994, 143.736819617483, 13.1362992510198, 5.36552556458844, 
14.3323130328539, 1.03009527011098, 47.9781282122592, 3000, 23.3604381947526, 
7.59195261447924, 8.81941916124258, 8.45586270903475, 2.17392298764512, 
5.70224846697713, 14.0937589768763, 3000, 47.4589963596458, 15.4237882221793, 
10.5439893946323, 10.9486750717897, 3.35511790271434, 3.35213032314196, 
16.6779230141283, 3000, 12.951420934205, 4.20910657595223, 0.249204234599181, 
0.212612776952155, 0.158877710130992, 0.0653717631520403, 0.671419602690627, 
3000, 65.97946398487, 21.4427897253396, 2.79027519673786, 2.52698457297163, 
1.36261097908133, 0.936896423757027, 6.24824943322558, 3000, 
177.812438136698, 57.7875977044844, 1.83925173984569, 1.36125621804907, 
1.49045909207038, 0.344212521801818, 5.96189424076043, 3000, 
41.2585798753024, 13.4087032418922, 52.9695593871838, 56.8609982060278, 
29.7113524544818, 3.52602399876919, 98.2359092146511, 3000, 65.827671474071, 
21.3934583926133, 12.3921051663596, 7.84013491965436, 14.7288522791773, 
1.1762986143418, 63.0365741343118, 3000, 65.4784637600928, 21.2799687228121, 
0.35492338635535, 0.299919152885446, 0.264122872686324, 0.0153595354800792, 
0.908249228345824, 3000, 292.792321778198, 95.1551256997719, 
0.772075097597616, 0.823641762638677, 0.197962800353064, 0.276711695284077, 
0.996503537467813, 3000, 411.028095893881, 133.58079164572), .Dim = c(1L, 
8L, 11L), .Dimnames = list("SCR2", c("mean", "median", "sd", 
"CI95_low", "CI95_upp", "n", "ess", "efficiency"), c("kappa[1]", 
"kappa[2]", "sigma[1]", "sigma[2]", "lambda0", "beta[1]", "beta[2]", 
"dmean[1]", "dmean[2]", "Phi[1]", "Phi[2]"))), timing = structure(c(3.077, 
20.516), .Names = c("SCR2", "nimble_compile")), efficiency = structure(list(
    min = structure(4.20910657595223, .Names = "SCR2"), mean = structure(48.6372820147934, .Names = "SCR2")), .Names = c("min", 
"mean"))), .Names = c("summary", "timing", "efficiency")), SLC = structure(list(
    summary = structure(c(27.0458341297203, 27.2996744065563, 
    13.495280543611, 2.95274584241074, 48.7495533106545, 3000, 
    1400.13357395205, 200.190673999435, 10.3749729181969, 3.2134774625396, 
    13.4123840025048, 1.02934830743936, 46.315566341029, 3000, 
    63.7367211286381, 9.11305706729168, 8.75116073405828, 8.10641091770187, 
    2.54908652558474, 5.41385856459112, 15.6236268013814, 3000, 
    71.7347436446814, 10.2566119022993, 9.17725261072685, 9.2629677077204, 
    3.32414756715708, 3.44237392394868, 15.7098352146829, 3000, 
    38.0402629404729, 5.43898526458004, 0.291984821072763, 0.241811648075674, 
    0.199319035799264, 0.0571511374093675, 0.797784953575968, 
    3000, 223.863145991752, 32.0078847571849, 2.77717096622233, 
    2.42093310773576, 1.47304086108946, 0.9574887192447, 6.82345554564595, 
    3000, 580.334630940792, 82.9760696226467, 2.58505262599387, 
    1.68503679361365, 2.36841125649749, 0.241468483176589, 8.98082456782417, 
    3000, 94.6157745976256, 13.5281347723228, 57.9945484316701, 
    60.8646700111015, 27.2833029507961, 7.1224178073182, 98.3664419222359, 
    3000, 142.650625297501, 20.3961431652132, 9.94817539702997, 
    6.57267780214552, 11.0924319442775, 0.496187073044972, 40.9968620090044, 
    3000, 361.481365819134, 51.6844961136879, 0.395089930982768, 
    0.345525301247455, 0.276980605114756, 0.0132994100792159, 
    0.94769457198523, 3000, 1226.97750505904, 175.432871755653, 
    0.752914391072113, 0.800058237138654, 0.192698963750135, 
    0.301954039647648, 0.99163179448182, 3000, 1551.93719908878, 
    221.895510307231), .Dim = c(1L, 8L, 11L), .Dimnames = list(
        "SLC", c("mean", "median", "sd", "CI95_low", "CI95_upp", 
        "n", "ess", "efficiency"), c("kappa[1]", "kappa[2]", 
        "sigma[1]", "sigma[2]", "lambda0", "beta[1]", "beta[2]", 
        "dmean[1]", "dmean[2]", "Phi[1]", "Phi[2]"))), timing = structure(c(6.99400000000001, 
    17.42), .Names = c("SLC", "nimble_compile")), efficiency = structure(list(
        min = structure(5.43898526458004, .Names = "SLC"), mean = structure(74.8109489752314, .Names = "SLC")), .Names = c("min", 
    "mean"))), .Names = c("summary", "timing", "efficiency")), 
    dthSLC = structure(list(summary = structure(c(26.8067398801954, 
    26.8800765241203, 13.8470764544095, 3.05397090181017, 48.9148375823967, 
    3000, 1305.77332448809, 202.288663747187, 15.6339437337819, 
    9.39225009505604, 14.7313361676081, 1.26646034223038, 47.6900189122912, 
    3000, 90.7020521912318, 14.0514410830723, 8.89119770327375, 
    8.21801418952076, 2.49695489168924, 5.66475552870962, 15.2800057314244, 
    3000, 107.635562835882, 16.6747579916161, 11.1190359052116, 
    10.8216456807966, 3.51919684041803, 4.72709049162532, 18.2407837756139, 
    3000, 36.1634603347342, 5.6023950944592, 0.269747273639557, 
    0.22029637096212, 0.19374549941519, 0.0523006876591336, 0.803301088474743, 
    3000, 209.671114457172, 32.4819697067657, 2.87083567927243, 
    2.52895467283141, 1.51122840640451, 0.959666378955606, 7.13121148871666, 
    3000, 621.407550412651, 96.2676298083115, 1.99820966220882, 
    1.19247489470393, 2.03061842134029, 0.211153418714921, 7.94994124958309, 
    3000, 84.2741496710877, 13.0556389885496, 55.8587819647129, 
    57.718171293526, 27.3718615859117, 5.64544849888222, 98.3086555969143, 
    3000, 106.548543110676, 16.5063583440242, 13.1757503709938, 
    8.74436142935859, 14.3497256796692, 0.788912628756787, 58.3112750705524, 
    3000, 205.525754149694, 31.8397760107969, 0.35861867237005, 
    0.30537917577421, 0.263135018386756, 0.0140048522951794, 
    0.931846646151912, 3000, 1215.08323730165, 188.239076266716, 
    0.759884739799346, 0.797479110559135, 0.182963875284619, 
    0.332813274866395, 0.992040910804654, 3000, 1829.68219210049, 
    283.451927513631), .Dim = c(1L, 8L, 11L), .Dimnames = list(
        "dthSLC", c("mean", "median", "sd", "CI95_low", "CI95_upp", 
        "n", "ess", "efficiency"), c("kappa[1]", "kappa[2]", 
        "sigma[1]", "sigma[2]", "lambda0", "beta[1]", "beta[2]", 
        "dmean[1]", "dmean[2]", "Phi[1]", "Phi[2]"))), timing = structure(c(6.455, 
    22.513), .Names = c("dthSLC", "nimble_compile")), efficiency = structure(list(
        min = structure(5.6023950944592, .Names = "dthSLC"), 
        mean = structure(81.859966777739, .Names = "dthSLC")), .Names = c("min", 
    "mean"))), .Names = c("summary", "timing", "efficiency"))), .Names = c("SCR2", 
"SLC", "dthSLC"))
