structure(list(nimble = structure(list(summary = structure(c(26.8144534808724, 
27.2959146492619, 13.8944445900177, 2.97216811961416, 49.0258997955205, 
18000, 2087.1195934957, 96.769268986262, 17.10714777774, 11.7186605944993, 
15.2512626902241, 0.777033768720695, 48.0461306189077, 18000, 
175.745485566016, 8.14843683076855, 8.47139922339427, 7.89575920638252, 
2.31495558872422, 5.46595690961176, 14.5324043892357, 18000, 
239.877754113543, 11.1219285104573, 10.2050214265239, 10.3720045409674, 
3.48145177791792, 1.73039663759808, 17.0742621400556, 18000, 
30.5314430622689, 1.41558990459333, 0.308326040934391, 0.261427534598288, 
0.210749792698005, 0.063429120236451, 0.843139205945872, 18000, 
202.203356594743, 9.37515562846543, 2.7838123014228, 2.46516555654356, 
1.44514603424105, 0.943386018241833, 6.56111645780556, 18000, 
875.581534445119, 40.596324853724, 1.6921530002314, 1.00253286327203, 
1.8669704770756, 0.194597366532044, 7.90186625464516, 18000, 
59.9071377739705, 2.7775935540602, 54.5363339765989, 56.8687359858888, 
28.7610944402688, 3.16089094849884, 97.7423958405701, 18000, 
383.076499024663, 17.7613361936509, 12.2579296470875, 7.81642265063778, 
13.7174256796676, 0.421159178986066, 55.1616082971657, 18000, 
409.39310019543, 18.9815050164795, 0.441338184749821, 0.415748050661382, 
0.264215323644826, 0.0367439110485458, 0.949700857671745, 18000, 
1387.92781026416, 64.3512523304969, 0.807256750956995, 0.846217021149032, 
0.156121931850342, 0.423950686168592, 0.994921928951744, 18000, 
2571.95946912562, 119.248862626373, 0.441338184749821, 0.415748050661382, 
0.264215323644826, 0.0367439110485458, 0.949700857671745, 18000, 
1387.92781026416, 64.3512523304969, 0.807256750956995, 0.846217021149032, 
0.156121931850342, 0.423950686168592, 0.994921928951744, 18000, 
2571.95946912562, 119.248862626373, 0.466401175877286, 0.448719992378004, 
0.260618971739049, 0.048972454302204, 0.953972381191341, 18000, 
1391.65885949036, 64.5242423725131, 0.821073632908354, 0.858593686903825, 
0.146903118678273, 0.456796433072991, 0.995362474785992, 18000, 
2576.65596274214, 119.466615483222, 0.369577631741065, 0.318289292344238, 
0.269454669675309, 0.0134432003428691, 0.934900583604736, 18000, 
1380.37495012365, 64.0010640821425, 0.762302920933631, 0.804286884909959, 
0.184101496755205, 0.326504805186359, 0.993381553471552, 18000, 
2558.16861529678, 118.609449893211), .Dim = c(1L, 8L, 17L), .Dimnames = list(
    "nimble", c("mean", "median", "sd", "CI95_low", "CI95_upp", 
    "n", "ess", "efficiency"), c("kappa[1]", "kappa[2]", "sigma[1]", 
    "sigma[2]", "lambda0", "beta[1]", "beta[2]", "dmean[1]", 
    "dmean[2]", "phi[1, 1]", "phi[2, 1]", "phi[1, 2]", "phi[2, 2]", 
    "phi[1, 3]", "phi[2, 3]", "Phi[1]", "Phi[2]"))), timing = structure(c(21.568, 
29.03), .Names = c("nimble", "nimble_compile")), efficiency = structure(list(
    min = structure(1.41558990459333, .Names = "nimble"), mean = structure(55.3381612484289, .Names = "nimble")), .Names = c("min", 
"mean"))), .Names = c("summary", "timing", "efficiency")), SCR1 = structure(list(
    summary = structure(c(27.156296772647, 27.714706160065, 13.7078336670886, 
    3.11879783801459, 48.8915122063088, 18000, 2074.63607016784, 
    151.721227889999, 13.407709241821, 6.09213523962882, 14.1591582555742, 
    0.858785886278774, 46.9674141888769, 18000, 131.79680908063, 
    9.63849708063699, 8.68315406685112, 8.04614232099093, 2.49996223028362, 
    5.43041144947378, 15.4467814534158, 18000, 181.579914569921, 
    13.2792097827937, 9.65656694591627, 9.71558138733386, 3.09700820838247, 
    2.37647423374136, 15.8264961602782, 18000, 65.0730299933909, 
    4.75888766954738, 0.306707646062633, 0.253307968681922, 0.223067379995317, 
    0.0568874822094131, 0.830603505933411, 18000, 213.003172234871, 
    15.5772394496761, 2.74692953983305, 2.38988734827127, 1.46124549868074, 
    0.977714844849847, 6.84927876070673, 18000, 836.858197740813, 
    61.2006872707922, 2.16736880476795, 1.24287607743831, 2.28283836886905, 
    0.205870926137449, 8.8932605828065, 18000, 82.3612215409526, 
    6.02319888408312, 55.7899597822356, 58.5832905560627, 28.4843287621273, 
    3.39963899885342, 98.0287659809133, 18000, 436.788371951519, 
    31.9429846388415, 10.8955878087883, 7.01524013050239, 11.8882875177127, 
    0.365592623385376, 43.8363988307029, 18000, 564.025471787147, 
    41.2480233865107, 0.459814398298569, 0.437573550956892, 0.267510103412799, 
    0.0337440916093507, 0.955973712240225, 18000, 1281.04465761925, 
    93.6847051059857, 0.811650523356448, 0.848293688165014, 0.153908534190382, 
    0.427395895661737, 0.994192441455739, 18000, 2670.80381195818, 
    195.319863387318, 0.459814398298569, 0.437573550956892, 0.267510103412799, 
    0.0337440916093507, 0.955973712240225, 18000, 1281.04465761925, 
    93.6847051059857, 0.811650523356448, 0.848293688165014, 0.153908534190382, 
    0.427395895661737, 0.994192441455739, 18000, 2670.80381195818, 
    195.319863387318, 0.484529969671439, 0.470179851308444, 0.263359724361428, 
    0.0453085899318798, 0.959723882388755, 18000, 1282.92768393487, 
    93.8224136269467, 0.825195859317548, 0.86051730103252, 0.144867991212435, 
    0.460184573733558, 0.994696104812418, 18000, 2672.51146519554, 
    195.444746613686, 0.388595186564272, 0.340255954961393, 0.274629159877498, 
    0.0120297866077003, 0.942963141599624, 18000, 1279.02020571195, 
    93.536653920722, 0.767511249765972, 0.806862325735239, 0.181372150619682, 
    0.329969931032139, 0.992431627216812, 18000, 2665.97600890965, 
    194.966798954926), .Dim = c(1L, 8L, 17L), .Dimnames = list(
        "SCR1", c("mean", "median", "sd", "CI95_low", "CI95_upp", 
        "n", "ess", "efficiency"), c("kappa[1]", "kappa[2]", 
        "sigma[1]", "sigma[2]", "lambda0", "beta[1]", "beta[2]", 
        "dmean[1]", "dmean[2]", "phi[1, 1]", "phi[2, 1]", "phi[1, 2]", 
        "phi[2, 2]", "phi[1, 3]", "phi[2, 3]", "Phi[1]", "Phi[2]"
        ))), timing = structure(c(13.674, 18.923), .Names = c("SCR1", 
    "nimble_compile")), efficiency = structure(list(min = structure(4.75888766954738, .Names = "SCR1"), 
        mean = structure(87.7158650679863, .Names = "SCR1")), .Names = c("min", 
    "mean"))), .Names = c("summary", "timing", "efficiency")),