structure(list(nimble = structure(list(summary = structure(c(0.762470390091116, 
0.76228582549281, 0.0502954990336668, 0.654853403582153, 0.856927718962324, 
18000, 23.2351227956943, 0.0045942949175116, 1.65083731822288, 
1.61800994388008, 0.298333811405169, 1.15554874563489, 2.31867286352573, 
18000, 44.7343663923252, 0.00884535338855392, 1.40741400213787, 
1.39776729903471, 0.269647959465924, 0.873530348799957, 1.93620152274663, 
18000, 18.1865892219395, 0.00359604531312015, 8.63085352403528, 
8.63732040088297, 1.51488960581972, 5.49170203171306, 11.5333644234818, 
18000, 33.3354406004925, 0.00659143688073098, 1.76034146347555, 
1.70522674258624, 0.404787291319433, 1.15006275137881, 2.77824827442434, 
18000, 22.7731419407638, 0.00450294716297387, 1.80324671037342, 
1.80022509335757, 0.119670728202334, 1.5797875056082, 2.05257960721233, 
18000, 1392.72494977177, 0.27538434870737, 0.168829825781185, 
0.155538475554041, 0.053810580622405, 0.10279485060967, 0.298662098992324, 
18000, 38.2517099414901, 0.00756353379818944, 3.0499703422405, 
3.01120883786048, 0.38525506592086, 2.40076585999444, 3.91335632195903, 
18000, 216.763337949585, 0.0428607462332488, 5.97758065463035, 
5.89738756080317, 0.986215744686073, 4.24426175554441, 8.09477950450051, 
18000, 436.726240731417, 0.0863541443606277, 0.801318099366467, 
0.801968341378146, 0.0285922347159798, 0.742464793719329, 0.852303641364998, 
18000, 3152.81673212519, 0.623408363950308, 0.928857217750279, 
0.932860012655664, 0.0342847555078469, 0.854121494365987, 0.984867521865675, 
18000, 1017.19796344698, 0.201131170024787, 0.801318099366467, 
0.801968341378146, 0.0285922347159798, 0.742464793719329, 0.852303641364998, 
18000, 3152.81673212519, 0.623408363950308, 0.928857217750279, 
0.932860012655664, 0.0342847555078469, 0.854121494365987, 0.984867521865675, 
18000, 1017.19796344698, 0.201131170024787, 0.816860130417813, 
0.81750680932882, 0.0266261154271662, 0.761941172709815, 0.864230558117888, 
18000, 3152.00881564807, 0.623248614135458, 0.934786221224722, 
0.938514812503064, 0.0315389745565849, 0.86591340751005, 0.986174248876075, 
18000, 1018.80551318333, 0.20144903180879, 0.749269764144217, 
0.749872943540276, 0.034809877756672, 0.678135290269847, 0.811840818447877, 
18000, 3155.65697524748, 0.623969966944877, 0.908473778459437, 
0.913335183376982, 0.0435670771825352, 0.814100095987862, 0.980307597641524, 
18000, 1011.6345977557, 0.200031122353662), .Dim = c(1L, 8L, 
17L), .Dimnames = list("nimble", c("mean", "median", "sd", "CI95_low", 
"CI95_upp", "n", "ess", "efficiency"), c("kappa[1]", "kappa[2]", 
"sigma[1]", "sigma[2]", "lambda0", "beta[1]", "beta[2]", "dmean[1]", 
"dmean[2]", "phi[1, 1]", "phi[2, 1]", "phi[1, 2]", "phi[2, 2]", 
"phi[1, 3]", "phi[2, 3]", "Phi[1]", "Phi[2]"))), timing = structure(c(5057.386, 
154.885), .Names = c("nimble", "nimble_compile")), efficiency = structure(list(
    min = structure(0.00359604531312015, .Names = "nimble"), 
    mean = structure(0.219886509056194, .Names = "nimble")), .Names = c("min", 
"mean"))), .Names = c("summary", "timing", "efficiency")), jags = structure(list(
    summary = structure(c(0.79160899229862, 0.791764532284243, 
    0.0495851711737699, 0.691038622759679, 0.885492052769152, 
    18000, 64.3471224203748, 0.00164840862330141, 1.70745712748507, 
    1.66839013267481, 0.318460918260341, 1.16742695054988, 2.45171256086136, 
    18000, 90.397167720941, 0.00231574412636113, 1.56493758701145, 
    1.56031060047529, 0.271787486934547, 1.03065416292118, 2.11002583889649, 
    18000, 58.3064510139227, 0.00149366207889692, 8.91454372075225, 
    8.92158857346848, 1.52579922271504, 5.66172153056792, 11.7711443220174, 
    18000, 76.1687553058565, 0.00195124860832243, 1.56806024144211, 
    1.51777715286901, 0.323323551989843, 1.0655356563219, 2.3958897048473, 
    18000, 60.3336860047291, 0.00154559465201919, 1.80005984758835, 
    1.79639511590302, 0.121138461723762, 1.57700165676012, 2.05368520645096, 
    18000, 3453.29771596824, 0.0884646510941206, 0.180788845869297, 
    0.168683968012117, 0.0591452433383559, 0.104291689075088, 
    0.324966336328849, 18000, 61.9619003250787, 0.00158730533658894, 
    3.01348349663668, 2.99757475328394, 0.371747045582436, 2.33107755135545, 
    3.79844733946266, 18000, 578.829073596501, 0.0148281197424909, 
    5.86452469353087, 5.80451067531045, 1.10076388713, 3.8572076285011, 
    8.16609162413488, 18000, 533.738799517297, 0.0136730222987605, 
    0.800594463545518, 0.80122733167931, 0.0285397686650559, 
    0.741500751441029, 0.853414264757441, 18000, 6580.95761306852, 
    0.168587294519456, 0.926326167311903, 0.930224911377633, 
    0.0340018396568512, 0.850449339703058, 0.981199461993215, 
    18000, 2139.49867276616, 0.054808481390816, 0.800594463545518, 
    0.80122733167931, 0.0285397686650559, 0.741500751441029, 
    0.853414264757441, 18000, 6580.95761306852, 0.168587294519456, 
    0.926326167311903, 0.930224911377633, 0.0340018396568512, 
    0.850449339703058, 0.981199461993215, 18000, 2139.49867276616, 
    0.054808481390816, 0.816186693837631, 0.816817098636974, 
    0.0265763784217154, 0.761037819390937, 0.865258737652258, 
    18000, 6808.86971845127, 0.174425819471875, 0.932460781565704, 
    0.936093968454569, 0.0312873488163552, 0.862513645338909, 
    0.98282016335442, 18000, 2140.96314244122, 0.0548459973565676, 
    0.748386854402059, 0.748969321766666, 0.0347499981875656, 
    0.676987019964376, 0.813220957546568, 18000, 6584.55752592799, 
    0.168679515075364, 0.905243524881363, 0.909971480718574, 
    0.043165884006091, 0.809537752030627, 0.97554802495147, 18000, 
    2134.51328443069, 0.054680768498404), .Dim = c(1L, 8L, 17L
    ), .Dimnames = list("jags", c("mean", "median", "sd", "CI95_low", 
    "CI95_upp", "n", "ess", "efficiency"), c("kappa[1]", "kappa[2]", 
    "sigma[1]", "sigma[2]", "lambda0", "beta[1]", "beta[2]", 
    "dmean[1]", "dmean[2]", "phi[1, 1]", "phi[2, 1]", "phi[1, 2]", 
    "phi[2, 2]", "phi[1, 3]", "phi[2, 3]", "Phi[1]", "Phi[2]"
    ))), timing = structure(c(39035.905, NA), .Names = c("jags", 
    "nimble_compile")), efficiency = structure(list(min = structure(0.00149366207889692, .Names = "jags"), 
        mean = structure(0.0604077299284481, .Names = "jags")), .Names = c("min", 
    "mean"))), .Names = c("summary", "timing", "efficiency")),