structure(list(nimble = structure(list(summary = structure(c(0.762470390091116, 
0.76228582549281, 0.0502954990336668, 0.654853403582153, 0.856927718962324, 
18000, 23.2351227956943, 0.00463664959201178, 1.65083731822288, 
1.61800994388008, 0.298333811405169, 1.15554874563489, 2.31867286352573, 
18000, 44.7343663923252, 0.00892689845049221, 1.40741400213787, 
1.39776729903471, 0.269647959465924, 0.873530348799957, 1.93620152274663, 
18000, 18.1865892219395, 0.00362919715283871, 8.63085352403528, 
8.63732040088297, 1.51488960581972, 5.49170203171306, 11.5333644234818, 
18000, 33.3354406004925, 0.00665220315032933, 1.76034146347555, 
1.70522674258624, 0.404787291319433, 1.15006275137881, 2.77824827442434, 
18000, 22.7731419407638, 0.00454445970511659, 1.80324671037342, 
1.80022509335757, 0.119670728202334, 1.5797875056082, 2.05257960721233, 
18000, 1392.72494977177, 0.277923109205197, 0.168829825781185, 
0.155538475554041, 0.053810580622405, 0.10279485060967, 0.298662098992324, 
18000, 38.2517099414901, 0.00763326180169056, 3.0499703422405, 
3.01120883786048, 0.38525506592086, 2.40076585999444, 3.91335632195903, 
18000, 216.763337949585, 0.0432558782367745, 5.97758065463035, 
5.89738756080317, 0.986215744686073, 4.24426175554441, 8.09477950450051, 
18000, 436.726240731417, 0.087150240767542, 0.801318099366467, 
0.801968341378146, 0.0285922347159798, 0.742464793719329, 0.852303641364998, 
18000, 3152.81673212519, 0.629155547970898, 0.928857217750279, 
0.932860012655664, 0.0342847555078469, 0.854121494365987, 0.984867521865675, 
18000, 1017.19796344698, 0.202985392574969, 0.801318099366467, 
0.801968341378146, 0.0285922347159798, 0.742464793719329, 0.852303641364998, 
18000, 3152.81673212519, 0.629155547970898, 0.928857217750279, 
0.932860012655664, 0.0342847555078469, 0.854121494365987, 0.984867521865675, 
18000, 1017.19796344698, 0.202985392574969, 0.816860130417813, 
0.81750680932882, 0.0266261154271662, 0.761941172709815, 0.864230558117888, 
18000, 3152.00881564807, 0.628994325427038, 0.934786221224722, 
0.938514812503064, 0.0315389745565849, 0.86591340751005, 0.986174248876075, 
18000, 1018.80551318333, 0.203306184717741, 0.749269764144217, 
0.749872943540276, 0.034809877756672, 0.678135290269847, 0.811840818447877, 
18000, 3155.65697524748, 0.629722328367542, 0.908473778459437, 
0.913335183376982, 0.0435670771825352, 0.814100095987862, 0.980307597641524, 
18000, 1011.6345977557, 0.201875203595574), .Dim = c(1L, 8L, 
17L), .Dimnames = list("nimble", c("mean", "median", "sd", "CI95_low", 
"CI95_upp", "n", "ess", "efficiency"), c("kappa[1]", "kappa[2]", 
"sigma[1]", "sigma[2]", "lambda0", "beta[1]", "beta[2]", "dmean[1]", 
"dmean[2]", "phi[1, 1]", "phi[2, 1]", "phi[1, 2]", "phi[2, 2]", 
"phi[1, 3]", "phi[2, 3]", "Phi[1]", "Phi[2]"))), timing = structure(c(5011.188, 
152.576), .Names = c("nimble", "nimble_compile")), efficiency = structure(list(
    min = structure(0.00362919715283871, .Names = "nimble"), 
    mean = structure(0.221913636544801, .Names = "nimble")), .Names = c("min", 
"mean"))), .Names = c("summary", "timing", "efficiency")), SCR1 = structure(list(
    summary = structure(c(0.801679714031418, 0.798815517629097, 
    0.0429665643214709, 0.730635987647299, 0.89729007679316, 
    18000, 34.159485152335, 0.00945679766088426, 1.80454659955397, 
    1.77473117579515, 0.289631608342641, 1.32678599776789, 2.4715905386252, 
    18000, 56.866744108559, 0.0157431322594499, 1.62227372484001, 
    1.60563908630954, 0.234914061789068, 1.25051167325606, 2.15681712841725, 
    18000, 32.6066379040831, 0.00902690352871304, 9.43394436469391, 
    9.46378132642059, 1.27675741175044, 6.84103875135643, 11.9329244084996, 
    18000, 50.7655690184625, 0.0140540676244483, 1.48091449171606, 
    1.46580468768282, 0.233140678469431, 1.04668024986942, 1.96824925306255, 
    18000, 58.5131140816708, 0.016198917457653, 1.80537965751723, 
    1.80140851769477, 0.119721038367447, 1.58325460883484, 2.04863846490382, 
    18000, 1437.72285013685, 0.398022804662928, 0.171985509500399, 
    0.164430269567545, 0.0428521910684396, 0.108477170872518, 
    0.275734226070502, 18000, 67.7235919918547, 0.0187487692943602, 
    3.07562287828357, 3.06093111667233, 0.359372997871815, 2.42619726914761, 
    3.83234029536512, 18000, 315.404529328019, 0.0873173820354732, 
    5.82871465970138, 5.78029131855328, 1.07391002242503, 3.82167854794834, 
    8.16755455686487, 18000, 324.446652112285, 0.0898206260162986, 
    0.800078756250996, 0.801081009582968, 0.0290593684744553, 
    0.741865448182396, 0.854379033541994, 18000, 3195.94937453521, 
    0.884774651451185, 0.925297071763955, 0.929100285971542, 
    0.0340537276155303, 0.84676473914815, 0.980371269535298, 
    18000, 1281.71758650489, 0.354833915672909, 0.800078756250996, 
    0.801081009582968, 0.0290593684744553, 0.741865448182396, 
    0.854379033541994, 18000, 3195.94937453521, 0.884774651451185, 
    0.925297071763955, 0.929100285971542, 0.0340537276155303, 
    0.84676473914815, 0.980371269535298, 18000, 1281.71758650489, 
    0.354833915672909, 0.815705074017623, 0.816680899647704, 
    0.027061761218018, 0.761379569516823, 0.86615179523035, 18000, 
    3195.06184790879, 0.88452894635091, 0.931514619686185, 0.935060603647225, 
    0.0313394941266835, 0.859101077196845, 0.982062710807801, 
    18000, 1283.5981926203, 0.355354547393031, 0.74776531458843, 
    0.748790919838646, 0.035375951778103, 0.677421356743257, 
    0.814420291175881, 18000, 3199.05019756, 0.885633091085062, 
    0.903933340531568, 0.908536780384749, 0.0432106760314228, 
    0.80496596741657, 0.974474133856869, 18000, 1275.25671519706, 
    0.353045271833616), .Dim = c(1L, 8L, 17L), .Dimnames = list(
        "SCR1", c("mean", "median", "sd", "CI95_low", "CI95_upp", 
        "n", "ess", "efficiency"), c("kappa[1]", "kappa[2]", 
        "sigma[1]", "sigma[2]", "lambda0", "beta[1]", "beta[2]", 
        "dmean[1]", "dmean[2]", "phi[1, 1]", "phi[2, 1]", "phi[1, 2]", 
        "phi[2, 2]", "phi[1, 3]", "phi[2, 3]", "Phi[1]", "Phi[2]"
        ))), timing = structure(c(3612.162, 51.8179999999993), .Names = c("SCR1", 
    "nimble_compile")), efficiency = structure(list(min = structure(0.00902690352871304, .Names = "SCR1"), 
        mean = structure(0.330362846555942, .Names = "SCR1")), .Names = c("min", 
    "mean"))), .Names = c("summary", "timing", "efficiency")),